1
1e+10
781.746
0
2345.24
0
3908.73
9.79227e+09
2.96163e+13
0
-8.68356e+13
-3.22157e+08
1.48081e+14
-995.492
49982.9
4.16524
2.76722e-14
2
1e+10
606.56
0.119093
-877.121
0
-1461.9
9.98046e+09
8.25962e+11
5.60242e+07
-1.39613e+12
0
1.02859e+12
-987.161
49982.9
4.16524
-5.77909e-07
3
1e+10
-14.3394
-0.0023823
21.286
0
35.557
9.99995e+09
-9.79126e+10
468181
1.53016e+11
-9.25933e+06
-5.33765e+11
-978.831
49982.9
4.16524
8.81517e-08
4
1e+10
0.0114441
1.50562e-06
-0.0686646
0
-0.00167014
9.99996e+09
2.41716e+10
116785
-7.30404e+10
-117210
1.15506e+11
-970.5
49982.9
4.16524
3.01136e-09
5
1e+10
0
2.59927e-07
0
-4.39831e-07
-0.0103567
9.99999e+09
2.07671e+08
16973.1
-7.18065e+08
-26249.8
2.59977e+08
-962.17
49982.9
4.16524
3.76887e-11
6
1e+10
0
4.4057e-09
0
-4.25869e-08
-0.000179979
1e+10
3.53327e+07
274.924
-1.41648e+08
-2783.03
1.64855e+08
-953.839
49982.9
4.16524
1.69847e-11
7
1e+10
0
2.9999e-09
0
-4.77513e-10
-0.000143434
1e+10
6.1347e+06
54.5486
-1.84672e+07
-63.9365
2.84172e+07
-945.509
49982.9
4.16524
3.87124e-13
8
1e+10
0
2.71874e-09
0
0
-0.000120937
1e+10
68747
3.33269
-265785
-8.53598
206876
-937.179
49982.9
4.16524
1.52566e-14
9
1e+10
0
2.71875e-09
0
1.81828e-17
-0.000120937
1e+10
13304.7
0.0873269
-45667.8
-0.540894
63293.7
-928.848
49982.9
4.16524
1.9552e-15
10
1e+10
0
2.71875e-09
0
2.40822e-18
-0.000120937
1e+10
1032.78
0.010718
-3123.55
-0.0140586
4768.07
-920.518
49982.9
4.16524
4.64674e-17
11
1e+10
0
2.71875e-09
0
1.07349e-19
-0.000120937
1e+10
14.3051
0.000480791
-55.8929
-0.0017062
53.9711
-912.187
49982.9
4.16524
2.67053e-18
12
1e+10
0
2.71875e-09
0
2.59404e-21
-0.000120937
1e+10
2.58636
1.56331e-05
-8.5144
-7.75263e-05
12.4265
-903.857
49982.9
4.16524
1.45726e-18
13
1e+10
0
2.71875e-09
0
0
-0.000120937
1e+10
0.114441
1.38418e-06
-0.411987
-2.37481e-06
0.528773
-895.526
49982.9
4.16524
1.067e-19
14
1e+10
0
2.71875e-09
0
0
-0.000120937
1e+10
0.0114441
-3.50812e-08
-0.0686646
-2.36543e-07
0.0604075
-887.196
49982.9
4.16524
-3.14828e-20
15
1e+10
0
2.71875e-09
0
0
-0.000120937
1e+10
0
-1.08e-07
0
0
0.0054
-878.865
49982.9
4.16524
-3.7081e-20
16
1e+10
0
2.71875e-09
0
0
-0.000120937
1e+10
0
-1.08e-07
0
0
0.0054
-870.535
49982.9
4.16524
-3.7081e-20
17
1e+10
0
2.71875e-09
0
0
-0.000120937
1e+10
0
-1.08e-07
0
0
0.0054
-862.204
49982.9
4.16524
-3.7081e-20
18
1e+10
0
2.71875e-09
0
0
-0.000120937
1e+10
0
-1.08e-07
0
0
0.0054
-853.874
49982.9
4.16524
-3.7081e-20
19
1e+10
0
2.71875e-09
0
0
-0.000120937
1e+10
0
-1.08e-07
0
0
0.0054
-845.543
49982.9
4.16524
-3.7081e-20
20
1e+10
0
2.71875e-09
0
0
-0.000120937
1e+10
0
-1.08e-07
0
0
0.0054
-837.213
49982.9
4.16524
-3.7081e-20
21
1e+10
0
2.71875e-09
0
0
-0.000120937
1e+10
0
-1.08e-07
0
0
0.0054
-828.882
49982.9
4.16524
-3.7081e-20
22
1e+10
0
2.71875e-09
0
0
-0.000120937
1e+10
0
-1.08e-07
0
0
0.0054
-820.552
49982.9
4.16524
-3.7081e-20
23
1e+10
0
2.71875e-09
0
0
-0.000120937
1e+10
0
-1.08e-07
0
0
0.0054
-812.221
49982.9
4.16524
-3.7081e-20
24
1e+10
0
2.71875e-09
0
0
-0.000120937
1e+10
0
-1.08e-07
0
0
0.0054
-803.891
49982.9
4.16524
-3.7081e-20
25
1e+10
0
2.71875e-09
0
0
-0.000120937
1e+10
0
-1.08e-07
0
0
0.0054
-795.56
49982.9
4.16524
-3.7081e-20
26
1e+10
0
2.71875e-09
0
0
-0.000120937
1e+10
0
-1.08e-07
0
0
0.0054
-787.23
49982.9
4.16524
-3.7081e-20
27
1e+10
0
2.71875e-09
0
0
-0.000120937
1e+10
0
-1.08e-07
0
0
0.0054
-778.899
49982.9
4.16524
-3.7081e-20
28
1e+10
0
2.71875e-09
0
0
-0.000120937
1e+10
0
-1.08e-07
0
0
0.0054
-770.569
49982.9
4.16524
-3.7081e-20
29
1e+10
0
2.71875e-09
0
0
-0.000120937
1e+10
0
-1.08e-07
0
0
0.0054
-762.239
49982.9
4.16524
-3.7081e-20
30
1e+10
0
2.71875e-09
0
0
-0.000120937
1e+10
0
-1.08e-07
0
0
0.0054
-753.908
49982.9
4.16524
-3.7081e-20
31
1e+10
0
2.71875e-09
0
0
-0.000120937
1e+10
0
-1.08e-07
0
0
0.0054
-745.578
49982.9
4.16524
-3.7081e-20
32
1e+10
0
2.71875e-09
0
0
-0.000120937
1e+10
0
-1.08e-07
0
0
0.0054
-737.247
49982.9
4.16524
-3.7081e-20
33
1e+10
0
2.71875e-09
0
0
-0.000120937
1e+10
0
-1.08e-07
0
0
0.0054
-728.917
49982.9
4.16524
-3.7081e-20
34
1e+10
0
2.71875e-09
0
0
-0.000120937
1e+10
0
-1.08e-07
0
0
0.0054
-720.586
49982.9
4.16524
-3.7081e-20
35
1e+10
0
2.71875e-09
0
0
-0.000120937
1e+10
0
-1.08e-07
0
0
0.0054
-712.256
49982.9
4.16524
-3.7081e-20
36
1e+10
0
2.71875e-09
0
0
-0.000120937
1e+10
0
-1.08e-07
0
0
0.0054
-703.925
49982.9
4.16524
-3.7081e-20
37
1e+10
0
2.71875e-09
0
0
-0.000120937
1e+10
0
-1.08e-07
0
0
0.0054
-695.595
49982.9
4.16524
-3.7081e-20
38
1e+10
0
2.71875e-09
0
0
-0.000120937
1e+10
0
-1.08e-07
0
0
0.0054
-687.264
49982.9
4.16524
-3.7081e-20
39
1e+10
0
2.71875e-09
0
0
-0.000120937
1e+10
0
-1.08e-07
0
0
0.0054
-678.934
49982.9
4.16524
-3.7081e-20
40
1e+10
0
2.71875e-09
0
0
-0.000120937
1e+10
0
-1.08e-07
0
0
0.0054
-670.603
49982.9
4.16524
-3.7081e-20
41
1e+10
0
2.71875e-09
0
0
-0.000120937
1e+10
0
-1.08e-07
0
0
0.0054
-662.273
49982.9
4.16524
-3.7081e-20
42
1e+10
0
2.71875e-09
0
0
-0.000120937
1e+10
0
-1.08e-07
0
0
0.0054
-653.942
49982.9
4.16524
-3.7081e-20
43
1e+10
0
2.71875e-09
0
0
-0.000120937
1e+10
0
-1.08e-07
0
0
0.0054
-645.612
49982.9
4.16524
-3.7081e-20
44
1e+10
0
2.71875e-09
0
0
-0.000120937
1e+10
0
-1.08e-07
0
0
0.0054
-637.281
49982.9
4.16524
-3.7081e-20
45
1e+10
0
2.71875e-09
0
0
-0.000120937
1e+10
0
-1.08e-07
0
0
0.0054
-628.951
49982.9
4.16524
-3.7081e-20
46
1e+10
0
2.71875e-09
0
0
-0.000120937
1e+10
0
-1.08e-07
0
0
0.0054
-620.62
49982.9
4.16524
-3.7081e-20
47
1e+10
0
2.71875e-09
0
0
-0.000120937
1e+10
0
-1.08e-07
0
0
0.0054
-612.29
49982.9
4.16524
-3.7081e-20
48
1e+10
0
2.71875e-09
0
0
-0.000120937
1e+10
0
-1.08e-07
0
0
0.0054
-603.959
49982.9
4.16524
-3.7081e-20
49
1e+10
0
2.71875e-09
0
0
-0.000120937
1e+10
0
-1.08e-07
0
0
0.0054
-595.629
49982.9
4.16524
-3.7081e-20
50
1e+10
0
2.71875e-09
0
0
-0.000120937
1e+10
0
-1.08e-07
0
0
0.0054
-587.299
49982.9
4.16524
-3.7081e-20
51
1e+10
0
2.71875e-09
0
0
-0.000120937
1e+10
0
-1.08e-07
0
0
0.0054
-578.968
49982.9
4.16524
-3.7081e-20
52
1e+10
0
2.71875e-09
0
0
-0.000120937
1e+10
0
-1.08e-07
0
0
0.0054
-570.638
49982.9
4.16524
-3.7081e-20
53
1e+10
0
2.71875e-09
0
0
-0.000120937
1e+10
0
-1.08e-07
0
0
0.0054
-562.307
49982.9
4.16524
-3.7081e-20
54
1e+10
0
2.71875e-09
0
0
-0.000120937
1e+10
0
-1.08e-07
0
0
0.0054
-553.977
49982.9
4.16524
-3.7081e-20
55
1e+10
0
2.71875e-09
0
0
-0.000120937
1e+10
0
-1.08e-07
0
0
0.0054
-545.646
49982.9
4.16524
-3.7081e-20
56
1e+10
0
2.71875e-09
0
0
-0.000120937
1e+10
0
-1.08e-07
0
0
0.0054
-537.316
49982.9
4.16524
-3.7081e-20
57
1e+10
0
2.71875e-09
0
0
-0.000120937
1e+10
0
-1.08e-07
0
0
0.0054
-528.985
49982.9
4.16524
-3.7081e-20
58
1e+10
0
2.71875e-09
0
0
-0.000120937
1e+10
0
-1.08e-07
0
0
0.0054
-520.655
49982.9
4.16524
-3.7081e-20
59
1e+10
0
2.71875e-09
0
0
-0.000120937
1e+10
0
-1.08e-07
0
0
0.0054
-512.324
49982.9
4.16524
-3.7081e-20
60
1e+10
0
2.71875e-09
0
0
-0.000120937
1e+10
0
-1.08e-07
0
0
0.0054
-503.994
49982.9
4.16524
-3.7081e-20
61
1e+10
0
2.71875e-09
0
0
-0.000120937
1e+10
0
-1.08e-07
0
0
0.0054
-495.663
49982.9
4.16524
-3.7081e-20
62
1e+10
0
2.71875e-09
0
0
-0.000120937
1e+10
0
-1.08e-07
0
0
0.0054
-487.333
49982.9
4.16524
-3.7081e-20
63
1e+10
0
2.71875e-09
0
0
-0.000120937
1e+10
0
-1.08e-07
0
0
0.0054
-479.002
49982.9
4.16524
-3.7081e-20
64
1e+10
0
2.71875e-09
0
0
-0.000120937
1e+10
0
-1.08e-07
0
0
0.0054
-470.672
49982.9
4.16524
-3.7081e-20
65
1e+10
0
2.71875e-09
0
0
-0.000120937
1e+10
0
-1.08e-07
0
0
0.0054
-462.341
49982.9
4.16524
-3.7081e-20
66
1e+10
0
2.71875e-09
0
0
-0.000120937
1e+10
0
-1.08e-07
0
0
0.0054
-454.011
49982.9
4.16524
-3.7081e-20
67
1e+10
0
2.71875e-09
0
0
-0.000120937
1e+10
0
-1.08e-07
0
0
0.0054
-445.68
49982.9
4.16524
-3.7081e-20
68
1e+10
0
2.71875e-09
0
0
-0.000120937
1e+10
0
-1.08e-07
0
0
0.0054
-437.35
49982.9
4.16524
-3.7081e-20
69
1e+10
0
2.71875e-09
0
0
-0.000120937
1e+10
0
-1.08e-07
0
0
0.0054
-429.02
49982.9
4.16524
-3.7081e-20
70
1e+10
0
2.71875e-09
0
0
-0.000120937
1e+10
0
-1.08e-07
0
0
0.0054
-420.689
49982.9
4.16524
-3.7081e-20
71
1e+10
0
2.71875e-09
0
0
-0.000120937
1e+10
0
-1.08e-07
0
0
0.0054
-412.359
49982.9
4.16524
-3.7081e-20
72
1e+10
0
2.71875e-09
0
0
-0.000120937
1e+10
0
-1.08e-07
0
0
0.0054
-404.028
49982.9
4.16524
-3.7081e-20
73
1e+10
0
2.71875e-09
0
0
-0.000120937
1e+10
0
-1.08e-07
0
0
0.0054
-395.698
49982.9
4.16524
-3.7081e-20
74
1e+10
0
2.71875e-09
0
0
-0.000120937
1e+10
0
-1.08e-07
0
0
0.0054
-387.367
49982.9
4.16524
-3.7081e-20
75
1e+10
0
2.71875e-09
0
0
-0.000120937
1e+10
0
-1.08e-07
0
0
0.0054
-379.037
49982.9
4.16524
-3.7081e-20
76
1e+10
0
2.71875e-09
0
0
-0.000120937
1e+10
0
-1.08e-07
0
0
0.0054
-370.706
49982.9
4.16524
-3.7081e-20
77
1e+10
0
2.71875e-09
0
0
-0.000120937
1e+10
0
-1.08e-07
0
0
0.0054
-362.376
49982.9
4.16524
-3.7081e-20
78
1e+10
0
2.71875e-09
0
0
-0.000120937
1e+10
0
-1.08e-07
0
0
0.0054
-354.045
49982.9
4.16524
-3.7081e-20
79
1e+10
0
2.71875e-09
0
0
-0.000120937
1e+10
0
-1.08e-07
0
0
0.0054
-345.715
49982.9
4.16524
-3.7081e-20
80
1e+10
0
2.71875e-09
0
0
-0.000120937
1e+10
0
-1.08e-07
0
0
0.0054
-337.384
49982.9
4.16524
-3.7081e-20
81
1e+10
0
2.71875e-09
0
0
-0.000120937
1e+10
0
-1.08e-07
0
0
0.0054
-329.054
49982.9
4.16524
-3.7081e-20
82
1e+10
0
2.71875e-09
0
0
-0.000120937
1e+10
0
-1.08e-07
0
0
0.0054
-320.723
49982.9
4.16524
-3.7081e-20
83
1e+10
0
2.71875e-09
0
0
-0.000120937
1e+10
0
-1.08e-07
0
0
0.0054
-312.393
49982.9
4.16524
-3.7081e-20
84
1e+10
0
2.71875e-09
0
0
-0.000120937
1e+10
0
-1.08e-07
0
0
0.0054
-304.062
49982.9
4.16524
-3.7081e-20
85
1e+10
0
2.71875e-09
0
0
-0.000120937
1e+10
0
-1.08e-07
0
0
0.0054
-295.732
49982.9
4.16524
-3.7081e-20
86
1e+10
0
2.71875e-09
0
0
-0.000120937
1e+10
0
-1.08e-07
0
0
0.0054
-287.401
49982.9
4.16524
-3.7081e-20
87
1e+10
0
2.71875e-09
0
0
-0.000120937
1e+10
0
-1.08e-07
0
0
0.0054
-279.071
49982.9
4.16524
-3.7081e-20
88
1e+10
0
2.71875e-09
0
0
-0.000120937
1e+10
0
-1.08e-07
0
0
0.0054
-270.74
49982.9
4.16524
-3.7081e-20
89
1e+10
0
2.71875e-09
0
0
-0.000120937
1e+10
0
-1.08e-07
0
0
0.0054
-262.41
49982.9
4.16524
-3.7081e-20
90
1e+10
0
2.71875e-09
0
0
-0.000120937
1e+10
0
-1.08e-07
0
0
0.0054
-254.08
49982.9
4.16524
-3.7081e-20
91
1e+10
0
2.71875e-09
0
0
-0.000120937
1e+10
0
-1.08e-07
0
0
0.0054
-245.749
49982.9
4.16524
-3.7081e-20
92
1e+10
0
2.71875e-09
0
0
-0.000120937
1e+10
0
-1.08e-07
0
0
0.0054
-237.419
49982.9
4.16524
-3.7081e-20
93
1e+10
0
2.71875e-09
0
0
-0.000120937
1e+10
0
-1.08e-07
0
0
0.0054
-229.088
49982.9
4.16524
-3.7081e-20
94
1e+10
0
2.71875e-09
0
0
-0.000120937
1e+10
0
-1.08e-07
0
0
0.0054
-220.758
49982.9
4.16524
-3.7081e-20
95
1e+10
0
2.71875e-09
0
0
-0.000120937
1e+10
0
-1.08e-07
0
0
0.0054
-212.427
49982.9
4.16524
-3.7081e-20
96
1e+10
0
2.71875e-09
0
0
-0.000120937
1e+10
0
-1.08e-07
0
0
0.0054
-204.097
49982.9
4.16524
-3.7081e-20
97
1e+10
0
2.71875e-09
0
0
-0.000120937
1e+10
0
-1.08e-07
0
0
0.0054
-195.766
49982.9
4.16524
-3.7081e-20
98
1e+10
0
2.71875e-09
0
0
-0.000120937
1e+10
0
-1.08e-07
0
0
0.0054
-187.436
49982.9
4.16524
-3.7081e-20
99
1e+10
0
2.71875e-09
0
0
-0.000120937
1e+10
0
-1.08e-07
0
0
0.0054
-179.105
49982.9
4.16524
-3.7081e-20
100
1e+10
0
2.71875e-09
0
0
-0.000120937
1e+10
0
-1.08e-07
0
0
0.0054
-170.775
49982.9
4.16524
-3.7081e-20
101
1e+10
0
2.71875e-09
0
0
-0.000120937
1e+10
0
-1.08e-07
0
0
0.0054
-162.444
49982.9
4.16524
-3.7081e-20
102
1e+10
0
2.71875e-09
0
0
-0.000120937
1e+10
0
-1.08e-07
0
0
0.0054
-154.114
49982.9
4.16524
-3.7081e-20
103
1e+10
0
2.71875e-09
0
0
-0.000120937
1e+10
0
-1.08e-07
0
0
0.0054
-145.783
49982.9
4.16524
-3.7081e-20
104
1e+10
0
2.71875e-09
0
0
-0.000120937
1e+10
0
-1.08e-07
0
0
0.0054
-137.453
49982.9
4.16524
-3.7081e-20
105
1e+10
0
2.71875e-09
0
0
-0.000120937
1e+10
0
-1.08e-07
0
0
0.0054
-129.122
49982.9
4.16524
-3.7081e-20
106
1e+10
0
2.71875e-09
0
0
-0.000120937
1e+10
0
-1.08e-07
0
0
0.0054
-120.792
49982.9
4.16524
-3.7081e-20
107
1e+10
0
2.71875e-09
0
0
-0.000120937
1e+10
0
-1.08e-07
0
0
0.0054
-112.461
49982.9
4.16524
-3.7081e-20
108
1e+10
0
2.71875e-09
0
0
-0.000120937
1e+10
0
-1.08e-07
0
0
0.0054
-104.131
49982.9
4.16524
-3.7081e-20
109
1e+10
0
2.71875e-09
0
0
-0.000120937
1e+10
0
-1.08e-07
0
0
0.0054
-95.8005
49982.9
4.16524
-3.7081e-20
110
1e+10
0
2.71875e-09
0
0
-0.000120937
1e+10
0
-1.08e-07
0
0
0.0054
-87.47
49982.9
4.16524
-3.7081e-20
111
1e+10
0
2.71875e-09
0
0
-0.000120937
1e+10
0
-1.08e-07
0
0
0.0054
-79.1395
49982.9
4.16524
-3.7081e-20
112
1e+10
0
2.71875e-09
0
0
-0.000120937
1e+10
0
-1.08e-07
0
0
0.0054
-70.809
49982.9
4.16524
-3.7081e-20
113
1e+10
0
2.71914e-09
0
0
-0.000120972
1e+10
0
-1.08e-07
0
0
0.0054
-62.4786
49982.9
4.16524
-3.7081e-20
114
1e+10
-15.4724
-6.86295e-07
-46.4172
-1.13375e-06
-77.3369
1e+10
0
-1.06306e-07
0
0
0.00527297
-54.1481
49982.9
4.16524
5.87165e-20
115
1e+10
-75.9659
-4.80174e-06
-320.732
-0.00373309
-379.652
1e+10
0.0114441
-4.05387e-07
0.0686646
-7.83677e-07
0.0776113
-45.8176
49982.9
4.16524
5.59933e-19
116
1e+10
-407132
-0.0224034
-1.22176e+06
-0.0369031
-2.03473e+06
1e+10
-0.572205
-5.10745e-06
-1.64795
0
-2.63425
-37.4871
49982.9
4.16524
9.02628e-15
117
1e+10
-2.05788e+06
-0.163258
-8.61597e+06
-87.4889
-1.02825e+07
1e+10
-1.89972
0.000450744
-13.6642
7.59752e-05
-31.8531
-29.1567
49982.9
4.16524
6.01e-14
118
1e+10
-7.00707e+09
-525.097
-2.10311e+10
-874.776
-3.50109e+10
1e+10
527.561
0.00237919
1547.08
0
2520.08
-20.8262
49982.9
4.16524
2.92578e-10
119
1e+10
-3.42879e+10
-3685.33
-1.44896e+11
-1.33759e+06
-1.71267e+11
1e+10
-1845.05
-0.257087
750.092
0
6348.57
-12.4957
49982.9
4.16524
1.78799e-09
120
9.99731e+09
-5.99587e+13
-8.0292e+06
-1.80039e+14
-1.32021e+07
-2.99372e+14
1e+10
759.853
0
-2279.59
0
3799.27
-4.16524
49982.9
4.16524
-7.23252e-12
